0.0587783 0.0438108 0.0876216 0.0783711 0.114245 0.0195928 0.0807831 0.0391856 0.0391856 0.0195928 
0.0222497 0.0444994 0.0497519 0.183476 0.111249 0.0995037 0.0802225 0.113452 0.0943975 0.129737 
0.0277724 0.105754 0.0439121 0.0708061 0.0981903 0.0809698 0.114509 0.0708061 0.0589142 0.0833173 
0.108588 0 0.0851835 0.0301169 0.120468 0.0952381 0.0212959 0.0212959 0.047619 0.047619 
1.06646 0.0604343 0.085467 0.120869 0.315187 0.137811 0.027027 0.120869 0.194895 0.076444 
0.116619 0.121655 0.0894427 0.02 0.08 0.0565685 0.0824621 0.0447214 0.04 0.08 
0.0403896 0.0571195 0.0361256 0.0766339 0.14895 0.0180628 0.130253 0.0766339 0 0.0903139 
0.0974473 0.0787966 0.137811 0.0427335 0.0787966 0.085467 0.0810811 0.057333 0.0604343 0.027027 
0.0479684 0.0884493 0.0643563 0.0643563 0.0339188 0.0455068 0.0773467 0.0816872 0.0455068 0.0625431 
0.0508066 0.0321329 0.0681642 0.113607 0.0718514 0.0508066 0.115857 0.0819232 0.0454428 0.0508066 
0.134535 0.0672673 0.0672673 0.0877058 0.0877058 0.0766965 0.106359 0.127631 0.0475652 0.0425436 
0.104316 0.069843 0.069843 0.0547894 0.0821841 0.069843 0.019371 0.019371 0.069843 0.124035 
0.0604343 0.038222 0.0427335 0.027027 0.0427335 0.019111 0.0604343 0.027027 0.095555 0.0974473 
0.0588348 0.027735 0.0438529 0.0877058 0.0808607 0.0707107 0 0.0196116 0.0392232 0.0438529 
0.108953 0.0785674 0.0217907 0.0487254 0.108953 0.0308167 0.0689082 0.0487254 0.065372 0.0487254 
0.0257087 0.0181788 0.0545364 0.0257087 0.0514174 0.0363576 0.0406491 0.0514174 0.0257087 0.0406491 
0.134547 0.0425474 0.134547 0.0686056 0.097023 0.0425474 0.080728 0.0686056 0.0269093 0.0601711 
0.0861038 0.0466964 0.0466964 0.0417665 0.104416 0.0590667 0.0861038 0.0417665 0.0295334 0.0752956 
0.0766965 0.0542326 0.0606339 0.0575224 0.0542326 0.0428746 0.0575224 0.0606339 0.0790569 0.0428746 
0.120849 0.0201415 0.040283 0.117444 0.063693 0.063693 0.108465 0.0726212 0.0569687 0.0726212 
